0010000000011000
1010000000011000
1011000000111000
1100000001111000
1111000000011000
0000111101001101
1101011111111000
1110000000001000
0000110110001101
0000111011001101
0100100000001000
0000010000001101
0011000000001000
0011000010001100
0011001000110011
0000010010001011
0011101001000011
0000000011001010
0100000000001000
0100000011001100
0100001001000011
0000001010001011
0100010000001000
0000010000001101
0011000000001000
0011000010001100
0011001000110011
0000011110001011
0011101001000011
0000000011001011
0100000000001000
0100000011001100
0100001001000011
0000010110001010
0100001000001000
0000010000001101
0011000000001000
0011000010001100
0011001000110011
0000101010001011
0011101001000011
0000000011001011
0100000000001000
0100000011001100
0100001001000011
0000100010001011
0100000100001000
0000010000001101
0011000000001000
0011000010001100
0011001000110011
0000110110001011
0011101001000011
0000000011001011
0100000000001000
0100000011001100
0100001001000011
0000101110001010
0100000010001000
0000010000001101
0011000000001000
0011000010001100
0011001000110011
0001000010001011
0011101001000011
0000000011001011
0100000000001000
0100000011001100
0100001001000011
0000111010001011
0100000001001000
0000010000001101
0011000000001000
0011000010001100
0011001000110011
0001001110001011
0011101001000011
0000000011001011
0100000000001000
0100000011001100
0100001001000011
0001000110001010
0100000000101000
0000010000001101
0011000000001000
0011000010001100
0011001000110011
0001011010001011
0011101001000011
0000000011001011
0100000000001000
0100000011001100
0100001001000011
0001010010001011
0100000000011000
0000010000001101
0011000000001000
0011000010001100
0011001000110011
0001100110001011
0011101001000011
0001101011001010
0100000000001000
0100000011001100
0100001001000011
0001011110001010
0000000011001001
1101011101001000
1110000000001000
0000110110001101
0000111011001101
1111000000101000
0000111101001101
0000000000001000
0100100000011000
0000010000001101
0011000000001000
0011000010001100
0011001000110011
0001111010001011
0011101001000011
0000000011001010
0100000000001000
0100000011001100
0100001001000011
0001110010001010
0100010000011000
0000010000001101
0011000000001000
0011000010001100
0011001000110011
0010000110001011
0011101101000011
0000000011001011
0100000000001000
0100000011001100
0100001001000011
0001111110001011
0100001000011000
0000010000001101
0011000000001000
0011000010001100
0011001000110011
0010010010001011
0011101101000011
0000000011001011
0100000000001000
0100000011001100
0100001001000011
0010001010001010
0100000100011000
0000010000001101
0011000000001000
0011000010001100
0011001000110011
0010011110001011
0011101101000011
0000000011001011
0100000000001000
0100000011001100
0100001001000011
0010010110001011
0100000010011000
0000010000001101
0011000000001000
0011000010001100
0011001000110011
0010101010001011
0011101101000011
0000000011001011
0100000000001000
0100000011001100
0100001001000011
0010100010001010
0100000001011000
0000010000001101
0011000000001000
0011000010001100
0011001000110011
0010110110001011
0011101101000011
0000000011001011
0100000000001000
0100000011001100
0100001001000011
0010101110001011
0100000000111000
0000010000001101
0011000000001000
0011000010001100
0011001000110011
0011000010001011
0011101101000011
0101110000001010
0100000000001000
0100000011001100
0100001001000011
0010111010001010
1101011101001000
1110000000001000
0000110110001101
0000111011001101
0000000000001000
0100100000011000
0000010000001101
0011000000001000
0011000010001100
0011001000110011
0011010011001011
0011101001000011
0000000011001010
0100000000001000
0100000011001100
0100001001000011
0011001011001011
0100010000011000
0000010000001101
0011000000001000
0011000010001100
0011001000110011
0011011111001011
0011101101000011
0000000011001011
0100000000001000
0100000011001100
0100001001000011
0011010111001010
0100001000011000
0000010000001101
0011000000001000
0011000010001100
0011001000110011
0011101011001011
0011101101000011
0000000011001011
0100000000001000
0100000011001100
0100001001000011
0011100011001011
0100000100011000
0000010000001101
0011000000001000
0011000010001100
0011001000110011
0011110111001011
0011101101000011
0000000011001011
0100000000001000
0100000011001100
0100001001000011
0011101111001010
0100000010011000
0000010000001101
0011000000001000
0011000010001100
0011001000110011
0100000011001011
0011101101000011
0000000011001011
0100000000001000
0100000011001100
0100001001000011
0011111011001011
0100000001011000
0000010000001101
0011000000001000
0011000010001100
0011001000110011
0100001111001011
0011101101000011
0000000011001011
0100000000001000
0100000011001100
0100001001000011
0100000111001010
0100000000111000
0000010000001101
0011000000001000
0011000010001100
0011001000110011
0100011011001011
0011101101000011
0100100000001010
0100000000001000
0100000011001100
0100001001000011
0100010011001011
0001101011001001
1111000000111000
0000111101001101
0000000000001000
1101011010011000
1110000000001000
0000110110001101
0000111011001101
0100100000111000
0000010000001101
0011000000001000
0011000010001100
0011001000110011
0100101111001011
0011110001000011
0000000011001010
0100000000001000
0100000011001100
0100001001000011
0100100111001011
0100010000111000
0000010000001101
0011000000001000
0011000010001100
0011001000110011
0100111011001011
0011110001000011
0000000011001011
0100000000001000
0100000011001100
0100001001000011
0100110011001010
0100001000111000
0000010000001101
0011000000001000
0011000010001100
0011001000110011
0101000111001011
0011110001000011
0000000011001011
0100000000001000
0100000011001100
0100001001000011
0100111111001011
0100000100111000
0000010000001101
0011000000001000
0011000010001100
0011001000110011
0101010011001011
0011110001000011
0000000011001011
0100000000001000
0100000011001100
0100001001000011
0101001011001010
0100000010111000
0000010000001101
0011000000001000
0011000010001100
0011001000110011
0101011111001011
0011110001000011
0000000011001011
0100000000001000
0100000011001100
0100001001000011
0101010111001011
0100000001111000
0000010000001101
0011000000001000
0011000010001100
0011001000110011
0101101011001011
0011110001000011
0111000000001010
0100000000001000
0100000011001100
0100001001000011
0101100011001010
0100100000001001
1111000000111000
0000111101001101
0000000000001000
1101011010011000
1110000000001000
0000110110001101
0000111011001101
0100100000111000
0000010000001101
0011000000001000
0011000010001100
0011001000110011
0101111111001011
0011110001000011
0000000011001010
0100000000001000
0100000011001100
0100001001000011
0101110111001010
0100010000111000
0000010000001101
0011000000001000
0011000010001100
0011001000110011
0110001011001011
0011110001000011
0000000011001011
0100000000001000
0100000011001100
0100001001000011
0110000011001011
0100001000111000
0000010000001101
0011000000001000
0011000010001100
0011001000110011
0110010111001011
0011110001000011
0000000011001011
0100000000001000
0100000011001100
0100001001000011
0110001111001010
0100000100111000
0000010000001101
0011000000001000
0011000010001100
0011001000110011
0110100011001011
0011110001000011
0000000011001011
0100000000001000
0100000011001100
0100001001000011
0110011011001011
0100000010111000
0000010000001101
0011000000001000
0011000010001100
0011001000110011
0110101111001011
0011110001000011
0000000011001011
0100000000001000
0100000011001100
0100001001000011
0110100111001010
0100000001111000
0000010000001101
0011000000001000
0011000010001100
0011001000110011
0110111011001011
0011110001000011
1000000011001010
0100000000001000
0100000011001100
0100001001000011
0110110011001011
0101110000001001
1111000001001000
1100000011111000
0000111101001101
1101010111101000
1110000000001000
0000110110001101
0000111011001101
0100100001111000
0000010000001101
0011000000001000
0011000010001100
0011001000110011
0111001111001011
0011110001000011
0000000011001010
0100000000001000
0100000011001100
0100001001000011
0111000111001010
0100010001111000
0000010000001101
0011000000001000
0011000010001100
0011001000110011
0111011011001011
0011110001000011
0000000011001011
0100000000001000
0100000011001100
0100001001000011
0111010011001011
0100001001111000
0000010000001101
0011000000001000
0011000010001100
0011001000110011
0111100111001011
0011110001000011
0000000011001011
0100000000001000
0100000011001100
0100001001000011
0111011111001010
0100000101111000
0000010000001101
0011000000001000
0011000010001100
0011001000110011
0111110011001011
0011110001000011
0000000011001011
0100000000001000
0100000011001100
0100001001000011
0111101011001011
0100000011111000
0000010000001101
0011000000001000
0011000010001100
0011001000110011
0111111111001011
0011110001000011
1001000111001010
0100000000001000
0100000011001100
0100001001000011
0111110111001010
1100000011111000
1111000001001000
0000111101001101
1101010111101000
1110000000001000
0000110110001101
0000111011001101
0100100001111000
0000010000001101
0011000000001000
0011000010001100
0011001000110011
1000010010001011
0011110001000011
0000000011001010
0100000000001000
0100000011001100
0100001001000011
1000001010001011
0100010001111000
0000010000001101
0011000000001000
0011000010001100
0011001000110011
1000011110001011
0011110001000011
0000000011001011
0100000000001000
0100000011001100
0100001001000011
1000010110001010
0100001001111000
0000010000001101
0011000000001000
0011000010001100
0011001000110011
1000101010001011
0011110001000011
0000000011001011
0100000000001000
0100000011001100
0100001001000011
1000100010001011
0100000101111000
0000010000001101
0011000000001000
0011000010001100
0011001000110011
1000110110001011
0011110001000011
0000000011001011
0100000000001000
0100000011001100
0100001001000011
1000101110001010
0100000011111000
0000010000001101
0011000000001000
0011000010001100
0011001000110011
1001000010001011
0011110001000011
1001111111001010
0100000000001000
0100000011001100
0100001001000011
1000111010001011
0111000000001001
1111000001011000
1100000111111000
0000111101001101
1101010100111000
1110000000001000
0000110110001101
0000111011001101
0100100011111000
0000010000001101
0011000000001000
0011000010001100
0011001000110011
1001010110001011
0011110001000011
0000000011001010
0100000000001000
0100000011001100
0100001001000011
1001001110001010
0100010011111000
0000010000001101
0011000000001000
0011000010001100
0011001000110011
1001100010001011
0011110001000011
0000000011001011
0100000000001000
0100000011001100
0100001001000011
1001011010001011
0100001011111000
0000010000001101
0011000000001000
0011000010001100
0011001000110011
1001101110001011
0011110001000011
0000000011001011
0100000000001000
0100000011001100
0100001001000011
1001100110001010
0100000111111000
0000010000001101
0011000000001000
0011000010001100
0011001000110011
1001111010001011
0011110001000011
1011100010001010
0100000000001000
0100000011001100
0100001001000011
1001110010001011
1001000111001001
1111000001011000
1100000111111000
0000111101001101
1101010100111000
1110000000001000
0000110110001101
0000111011001101
0100100011111000
0000010000001101
0011000000001000
0011000010001100
0011001000110011
1010001110001011
0011110001000011
0000000011001010
0100000000001000
0100000011001100
0100001001000011
1010000110001011
0100010011111000
0000010000001101
0011000000001000
0011000010001100
0011001000110011
1010011010001011
0011110001000011
0000000011001011
0100000000001000
0100000011001100
0100001001000011
1010010010001010
0100001011111000
0000010000001101
0011000000001000
0011000010001100
0011001000110011
1010100110001011
0011110001000011
0000000011001011
0100000000001000
0100000011001100
0100001001000011
1010011110001011
0100000111111000
0000010000001101
0011000000001000
0011000010001100
0011001000110011
1010110010001011
0011110001000011
1010110111001010
0100000000001000
0100000011001100
0100001001000011
1010101010001010
1001111111001001
1111000001101000
1100001111111000
0000111101001101
1101010010001000
1110000000001000
0000110110001101
0000111011001101
0100100111111000
0000010000001101
0011000000001000
0011000010001100
0011001000110011
1011000110001011
0011110001000011
0000000011001010
0100000000001000
0100000011001100
0100001001000011
1010111110001010
0100010111111000
0000010000001101
0011000000001000
0011000010001100
0011001000110011
1011010010001011
0011110001000011
0000000011001011
0100000000001000
0100000011001100
0100001001000011
1011001010001011
0100001111111000
0000010000001101
0011000000001000
0011000010001100
0011001000110011
1011011110001011
0011110001000011
1100001110001010
0100000000001000
0100000011001100
0100001001000011
1011010110001010
1111000001101000
1100001111111000
0000111101001101
1101010010001000
1110000000001000
0000110110001101
0000111011001101
0100100111111000
0000010000001101
0011000000001000
0011000010001100
0011001000110011
1011110001001011
0011110001000011
0000000011001010
0100000000001000
0100000011001100
0100001001000011
1011101001001011
0100010111111000
0000010000001101
0011000000001000
0011000010001100
0011001000110011
1011111101001011
0011110001000011
0000000011001011
0100000000001000
0100000011001100
0100001001000011
1011110101001010
0100001111111000
0000010000001101
0011000000001000
0011000010001100
0011001000110011
1100001001001011
0011110001000011
1100101110001010
0100000000001000
0100000011001100
0100001001000011
1100000001001011
1010110111001001
1111000001111000
1100011111111000
0000111101001101
1101001111011000
1110000000001000
0000110110001101
0000111011001101
0100101111111000
0000010000001101
0011000000001000
0011000010001100
0011001000110011
1100011101001011
0011110001000011
0000000011001010
0100000000001000
0100000011001100
0100001001000011
1100010101001010
0100011111111000
0000010000001101
0011000000001000
0011000010001100
0011001000110011
1100101001001011
0011110001000011
1101001110001010
0100000000001000
0100000011001100
0100001001000011
1100100001001011
1100001110001001
1111000001111000
1100011111111000
0000111101001101
1101001111011000
1110000000001000
0000110110001101
0000111011001101
0100101111111000
0000010000001101
0011000000001000
0011000010001100
0011001000110011
1100111101001011
0011110001000011
0000000011001010
0100000000001000
0100000011001100
0100001001000011
1100110101001011
0100011111111000
0000010000001101
0011000000001000
0011000010001100
0011001000110011
1101001001001011
0011110001000011
1101101110001010
0100000000001000
0100000011001100
0100001001000011
1101000001001010
1100101110001001
1111000010001000
1100111111111000
0000111101001101
1101001010001000
1110000000001000
0000110110001101
0000111011001101
0100011111111000
0000010000001101
0011000000001000
0011000010001100
0011001000110011
1101011101001011
0011110001000011
0000000011001010
0100000000001000
0100000011001100
0100001001000011
1101010101001011
0100111111111000
0000010000001101
0011000000001000
0011000010001100
0011001000110011
1101101001001011
0011110001000011
1110001110001010
0100000000001000
0100000011001100
0100001001000011
1101100001001010
1101001110001001
1111000010001000
1100111111111000
0000111101001101
1101001010001000
1110000000001000
0000110110001101
0000111011001101
0100011111111000
0000010000001101
0011000000001000
0011000010001100
0011001000110011
1101111101001011
0011110001000011
0000000011001010
0100000000001000
0100000011001100
0100001001000011
1101110101001010
0100111111111000
0000010000001101
0011000000001000
0011000010001100
0011001000110011
1110001001001011
0011110001000011
1110001110001010
0100000000001000
0100000011001100
0100001001000011
1110000001001011
1101101110001001
1111000000001000
1100111111111000
0000111101001101
0100111111111000
0000010000001101
0100000011001100
0100001001000011
1110010001001011
0100000000001000
0000010000001101
0100000011001100
0100001001000011
1110010110001010
0100111111111000
0000010000001101
0100000011001100
0100001001000011
1110011011001011
0100111111111000
0000010000001101
0100000011001100
0100001001000011
1110100000001010